image_width: 1288
image_height: 964
camera_name: pg_16306413
camera_matrix:
  rows: 3
  cols: 3
  data: [1051.226249, 0.000000, 683.526021, 0.000000, 1048.635055, 469.580599, 0.000000, 0.000000, 1.000000]
distortion_model: plumb_bob
distortion_coefficients:
  rows: 1
  cols: 5
  data: [-0.408387, 0.155828,0.001047, 0.001176, 0.000000]
rectification_matrix:
  rows: 3
  cols: 3
  data: [1.000000, 0.000000, 0.000000, 0.000000, 1.000000, 0.000000, 0.000000, 0.000000, 1.000000]
projection_matrix:
  rows: 3
  cols: 4
  data: [859.371399, 0.000000, 703.982536, 0.000000, 0.000000, 947.094543, 467.286152, 0.000000,0.000000, 0.000000, 1.000000, 0.000000]
