image_width: 1288
image_height: 964
camera_name: pg_16306439
camera_matrix:
  rows: 3
  cols: 3
  data: [1078.305118, 0.000000, 667.084996, 0.000000, 1071.637862, 443.931187, 0.000000, 0.000000, 1.000000]
distortion_model: plumb_bob
distortion_coefficients:
  rows: 1
  cols: 5
  data: [-0.408608, 0.170972, 0.000358, -0.000914, 0.000000]
rectification_matrix:
  rows: 3
  cols: 3
  data: [1.000000, 0.000000, 0.000000, 0.000000, 1.000000, 0.000000, 0.000000, 0.000000, 1.000000]
projection_matrix:
  rows: 3
  cols: 4
  data: [900.133972, 0.000000, 673.600579, 0.000000, 0.000000, 972.351196, 435.841351, 0.000000, 0.000000, 0.000000, 1.000000, 0.000000]
